955 955
399 1354
944 2298
768 3066
472 3538
395 3933
588 4521
438 4959
681 5640
578 6218
510 6728
507 7235
217 7452
0 7452
395 7847
900 8747
930 9677
1000 10677
653 11330
931 12261
731 12992
653 13645
248 13893
656 14549
473 15022
132 15154
899 16053
1000 17053
993 18046
842 18888
1000 19888
1000 20888
931 21819
987 22806
894 23700
1000 24700
808 25508
576 26084
802 26886
967 27853
493 28346
823 29169
1000 30169
1000 31169
967 32136
864 33000
632 33632
1000 34632
1000 35632
1000 36632
992 37624
954 38578
993 39571
959 40530
861 41391
956 42347
896 43243
948 44191
787 44978
448 45426
704 46130
587 46717
677 47394
691 48085
706 48791
637 49428
497 49925
771 50696
502 51198
329 51527
875 52402
584 52986
381 53367
668 54035
695 54730
739 55469
700 56169
328 56497
871 57368
763 58131
588 58719
753 59472
861 60333
867 61200
509 61709
870 62579
995 63574
770 64344
676 65020
721 65741
580 66321
556 66877
848 67725
971 68696
1000 69696
993 70689
986 71675
998 72673
956 73629
807 74436
1000 75436
797 76233
930 77163
414 77577
996 78573
978 79551
964 80515
824 81339
921 82260
721 82981
524 83505
399 83904
305 84209
675 84884
994 85878
626 86504
908 87412
881 88293
616 88909
833 89742
1000 90742
905 91647
1000 92647
997 93644
857 94501
1000 95501
1000 96501
1000 97501
741 98242
771 99013
771 99784
998 100782
1000 101782
1000 102782
1000 103782
1000 104782
925 105707
888 106595
946 107541
977 108518
722 109240
787 110027
998 111025
551 111576
577 112153
697 112850
863 113713
993 114706
981 115687
1000 116687
920 117607
855 118462
520 118982
415 119397
776 120173
714 120887
990 121877
743 122620
917 123537
691 124228
887 125115
383 125498
542 126040
1000 127040
618 127658
687 128345
412 128757
709 129466
886 130352
785 131137
1000 132137
965 133102
758 133860
993 134853
969 135822
650 136472
780 137252
1000 138252
759 139011
805 139816
897 140713
822 141535
976 142511
999 143510
1000 144510
998 145508
414 145922
704 146626
766 147392
894 148286
877 149163
203 149366
311 149677
537 150214
253 150467
294 150761
512 151273
936 152209
376 152585
662 153247
926 154173
780 154953
905 155858
644 156502
946 157448
193 157641
62 157703
99 157802
135 157937
574 158511
124 158635
182 158817
572 159389
353 159742
730 160472
890 161362
879 162241
809 163050
917 163967
957 164924
935 165859
551 166410
527 166937
149 167086
828 167914
752 168666
989 169655
660 170315
785 171100
943 172043
956 172999
892 173891
1000 174891
645 175536
848 176384
509 176893
892 177785
866 178651
976 179627
959 180586
1000 181586
1000 182586
1000 183586
964 184550
1000 185550
929 186479
946 187425
924 188349
1000 189349
1000 190349
1000 191349
1000 192349
891 193240
949 194189
567 194756
356 195112
991 196103
876 196979
561 197540
1000 198540
1000 199540
793 200333
1000 201333
915 202248
844 203092
436 203528
162 203690
0 203690
77 203767
769 204536
643 205179
572 205751
957 206708
385 207093
603 207696
1000 208696
1000 209696
995 210691
629 211320
1000 212320
1000 213320
1000 214320
1000 215320
1000 216320
1000 217320
1000 218320
1000 219320
1000 220320
1000 221320
1000 222320
507 222827
433 223260
1000 224260
968 225228
605 225833
494 226327
8 226335
209 226544
621 227165
889 228054
335 228389
315 228704
265 228969
767 229736
685 230421
132 230553
588 231141
928 232069
335 232404
1000 233404
1000 234404
1000 235404
1000 236404
1000 237404
741 238145
488 238633
1000 239633
533 240166
824 240990
1000 241990
632 242622
998 243620
1000 244620
765 245385
1000 246385
803 247188
894 248082
1000 249082
1000 250082
984 251066
1000 252066
972 253038
531 253569
250 253819
0 253819
979 254798
1000 255798
698 256496
751 257247
910 258157
885 259042
896 259938
940 260878
957 261835
931 262766
950 263716
718 264434
916 265350
602 265952
164 266116
911 267027
459 267486
817 268303
873 269176
1000 270176
1000 271176
929 272105
1000 273105
1000 274105
994 275099
950 276049
789 276838
517 277355
897 278252
679 278931
408 279339
97 279436
470 279906
965 280871
981 281852
1000 282852
619 283471
500 283971
258 284229
440 284669
155 284824
466 285290
999 286289
978 287267
660 287927
678 288605
474 289079
530 289609
997 290606
708 291314
757 292071
447 292518
845 293363
1000 294363
726 295089
777 295866
573 296439
926 297365
762 298127
92 298219
741 298960
739 299699
710 300409
905 301314
569 301883
835 302718
849 303567
732 304299
737 305036
983 306019
747 306766
477 307243
508 307751
488 308239
914 309153
841 309994
1000 310994
759 311753
886 312639
565 313204
659 313863
994 314857
753 315610
589 316199
509 316708
864 317572
1000 318572
637 319209
570 319779
963 320742
732 321474
621 322095
594 322689
778 323467
349 323816
573 324389
686 325075
534 325609
773 326382
851 327233
325 327558
1000 328558
362 328920
669 329589
584 330173
852 331025
1000 332025
978 333003
1000 334003
891 334894
851 335745
613 336358
623 336981
1000 337981
479 338460
452 338912
0 338912
964 339876
965 340841
639 341480
1000 342480
968 343448
477 343925
0 343925
632 344557
936 345493
691 346184
291 346475
971 347446
198 347644
1000 348644
969 349613
460 350073
616 350689
974 351663
596 352259
626 352885
941 353826
442 354268
835 355103
970 356073
861 356934
1000 357934
716 358650
798 359448
937 360385
1000 361385
775 362160
645 362805
927 363732
395 364127
847 364974
748 365722
612 366334
595 366929
829 367758
271 368029
612 368641
840 369481
416 369897
630 370527
334 370861
571 371432
685 372117
822 372939
781 373720
799 374519
698 375217
830 376047
940 376987
871 377858
718 378576
649 379225
818 380043
744 380787
628 381415
824 382239
602 382841
259 383100
2 383102
942 384044
477 384521
839 385360
196 385556
759 386315
372 386687
528 387215
937 388152
723 388875
707 389582
435 390017
855 390872
508 391380
666 392046
850 392896
605 393501
887 394388
473 394861
465 395326
1000 396326
751 397077
216 397293
437 397730
572 398302
568 398870
551 399421
748 400169
998 401167
557 401724
357 402081
479 402560
416 402976
580 403556
373 403929
269 404198
497 404695
52 404747
608 405355
818 406173
1000 407173
737 407910
1000 408910
704 409614
948 410562
991 411553
969 412522
645 413167
525 413692
733 414425
678 415103
1000 416103
617 416720
851 417571
583 418154
985 419139
862 420001
533 420534
999 421533
294 421827
378 422205
996 423201
797 423998
791 424789
884 425673
731 426404
752 427156
880 428036
804 428840
509 429349
758 430107
622 430729
281 431010
317 431327
387 431714
506 432220
733 432953
772 433725
570 434295
366 434661
289 434950
617 435567
0 435567
483 436050
894 436944
868 437812
576 438388
908 439296
398 439694
433 440127
727 440854
979 441833
960 442793
510 443303
802 444105
457 444562
847 445409
934 446343
893 447236
222 447458
532 447990
909 448899
147 449046
76 449122
466 449588
243 449831
490 450321
403 450724
415 451139
276 451415
162 451577
205 451782
374 452156
630 452786
129 452915
318 453233
135 453368
258 453626
390 454016
0 454016
497 454513
523 455036
430 455466
444 455910
593 456503
893 457396
725 458121
15 458136
463 458599
293 458892
503 459395
731 460126
709 460835
398 461233
84 461317
77 461394
653 462047
858 462905
736 463641
567 464208
432 464640
749 465389
883 466272
782 467054
723 467777
587 468364
403 468767
662 469429
800 470229
680 470909
604 471513
1000 472513
994 473507
407 473914
538 474452
467 474919
784 475703
981 476684
691 477375
506 477881
675 478556
684 479240
360 479600
298 479898
626 480524
570 481094
404 481498
614 482112
529 482641
403 483044
690 483734
772 484506
209 484715
227 484942
0 484942
0 484942
0 484942
0 484942
99 485041
348 485389
604 485993
640 486633
897 487530
875 488405
880 489285
858 490143
845 490988
877 491865
451 492316
110 492426
122 492548
645 493193
303 493496
445 493941
659 494600
647 495247
496 495743
556 496299
693 496992
321 497313
679 497992
105 498097
822 498919
1000 499919
978 500897
316 501213
188 501401
477 501878
523 502401
477 502878
755 503633
976 504609
666 505275
770 506045
1000 507045
113 507158
493 507651
601 508252
572 508824
349 509173
255 509428
511 509939
432 510371
624 510995
371 511366
297 511663
657 512320
812 513132
118 513250
511 513761
461 514222
585 514807
439 515246
225 515471
545 516016
708 516724
772 517496
252 517748
1000 518748
694 519442
583 520025
304 520329
494 520823
589 521412
439 521851
287 522138
300 522438
780 523218
432 523650
704 524354
403 524757
559 525316
586 525902
149 526051
757 526808
399 527207
486 527693
996 528689
857 529546
366 529912
282 530194
195 530389
74 530463
313 530776
253 531029
454 531483
396 531879
666 532545
443 532988
412 533400
579 533979
895 534874
428 535302
441 535743
711 536454
553 537007
240 537247
923 538170
46 538216
345 538561
500 539061
494 539555
241 539796
262 540058
361 540419
245 540664
603 541267
636 541903
447 542350
759 543109
725 543834
660 544494
629 545123
774 545897
346 546243
134 546377
409 546786
184 546970
359 547329
565 547894
758 548652
458 549110
56 549166
91 549257
241 549498
318 549816
410 550226
114 550340
347 550687
643 551330
683 552013
619 552632
279 552911
516 553427
877 554304
430 554734
430 555164
902 556066
482 556548
903 557451
342 557793
694 558487
145 558632
475 559107
472 559579
494 560073
455 560528
726 561254
334 561588
876 562464
937 563401
421 563822
509 564331
590 564921
516 565437
901 566338
432 566770
686 567456
132 567588
0 567588
369 567957
380 568337
310 568647
301 568948
339 569287
344 569631
335 569966
510 570476
127 570603
181 570784
169 570953
267 571220
504 571724
491 572215
472 572687
332 573019
747 573766
872 574638
90 574728
519 575247
354 575601
725 576326
144 576470
433 576903
744 577647
293 577940
315 578255
542 578797
321 579118
485 579603
506 580109
488 580597
670 581267
494 581761
401 582162
1000 583162
530 583692
590 584282
277 584559
559 585118
481 585599
356 585955
538 586493
645 587138
457 587595
413 588008
763 588771
273 589044
212 589256
101 589357
749 590106
137 590243
350 590593
486 591079
602 591681
252 591933
67 592000
445 592445
387 592832
786 593618
1000 594618
574 595192
237 595429
61 595490
96 595586
388 595974
609 596583
206 596789
810 597599
622 598221
857 599078
509 599587
312 599899
389 600288
276 600564
66 600630
77 600707
402 601109
271 601380
150 601530
274 601804
26 601830
240 602070
239 602309
0 602309
168 602477
310 602787
1000 603787
314 604101
132 604233
454 604687
168 604855
161 605016
275 605291
149 605440
351 605791
380 606171
502 606673
13 606686
105 606791
14 606805
171 606976
18 606994
140 607134
452 607586
348 607934
33 607967
326 608293
347 608640
208 608848
20 608868
786 609654
84 609738
285 610023
235 610258
397 610655
92 610747
326 611073
290 611363
204 611567
46 611613
333 611946
220 612166
338 612504
370 612874
606 613480
83 613563
77 613640
122 613762
35 613797
37 613834
76 613910
238 614148
269 614417
317 614734
67 614801
12 614813
297 615110
320 615430
102 615532
135 615667
501 616168
189 616357
306 616663
760 617423
456 617879
150 618029
86 618115
233 618348
71 618419
182 618601
339 618940
75 619015
53 619068
8 619076
102 619178
422 619600
116 619716
100 619816
395 620211
647 620858
351 621209
104 621313
385 621698
73 621771
419 622190
136 622326
162 622488
149 622637
243 622880
37 622917
108 623025
134 623159
381 623540
133 623673
530 624203
442 624645
399 625044
390 625434
434 625868
275 626143
311 626454
109 626563
0 626563
37 626600
210 626810
215 627025
255 627280
336 627616
536 628152
659 628811
1000 629811
159 629970
261 630231
301 630532
437 630969
418 631387
258 631645
164 631809
136 631945
326 632271
533 632804
165 632969
515 633484
349 633833
310 634143
74 634217
106 634323
439 634762
457 635219
551 635770
626 636396
23 636419
480 636899
32 636931
149 637080
358 637438
336 637774
80 637854
220 638074
175 638249
148 638397
736 639133
554 639687
281 639968
441 640409
478 640887
201 641088
218 641306
275 641581
332 641913
371 642284
114 642398
130 642528
231 642759
297 643056
164 643220
95 643315
275 643590
164 643754
247 644001
363 644364
120 644484
231 644715
233 644948
313 645261
29 645290
131 645421
398 645819
77 645896
131 646027
76 646103
553 646656
789 647445
300 647745
320 648065
202 648267
704 648971
226 649197
348 649545
76 649621
19 649640
174 649814
217 650031
275 650306
288 650594
30 650624
362 650986
184 651170
175 651345
306 651651
843 652494
547 653041
384 653425
187 653612
42 653654
117 653771
451 654222
44 654266
156 654422
75 654497
130 654627
312 654939
62 655001
364 655365
382 655747
26 655773
745 656518
86 656604
376 656980
254 657234
144 657378
212 657590
127 657717
249 657966
0 657966
454 658420
283 658703
312 659015
165 659180
243 659423
87 659510
220 659730
275 660005
163 660168
309 660477
88 660565
370 660935
447 661382
225 661607
220 661827
55 661882
118 662000
353 662353
503 662856
135 662991
170 663161
176 663337
181 663518
255 663773
167 663940
188 664128
52 664180
348 664528
222 664750
296 665046
121 665167
68 665235
487 665722
236 665958
384 666342
177 666519
99 666618
164 666782
89 666871
401 667272
136 667408
330 667738
77 667815
137 667952
135 668087
143 668230
133 668363
62 668425
90 668515
358 668873
488 669361
353 669714
172 669886
264 670150
71 670221
300 670521
534 671055
269 671324
26 671350
56 671406
169 671575
277 671852
256 672108
172 672280
212 672492
0 672492
0 672492
0 672492
0 672492
0 672492
0 672492
421 672913
447 673360
231 673591
74 673665
77 673742
153 673895
306 674201
319 674520
362 674882
446 675328
484 675812
359 676171
113 676284
101 676385
600 676985
595 677580
104 677684
472 678156
439 678595
331 678926
309 679235
645 679880
170 680050
160 680210
342 680552
382 680934
380 681314
470 681784
330 682114
461 682575
168 682743
279 683022
423 683445
338 683783
376 684159
257 684416
152 684568
812 685380
580 685960
223 686183
277 686460
343 686803
387 687190
341 687531
449 687980
448 688428
302 688730
334 689064
469 689533
441 689974
633 690607
561 691168
645 691813
239 692052
175 692227
356 692583
302 692885
279 693164
275 693439
118 693557
273 693830
378 694208
373 694581
527 695108
371 695479
208 695687
398 696085
99 696184
485 696669
375 697044
574 697618
173 697791
402 698193
430 698623
113 698736
36 698772
661 699433
166 699599
497 700096
594 700690
196 700886
557 701443
353 701796
357 702153
435 702588
800 703388
571 703959
598 704557
478 705035
562 705597
442 706039
347 706386
276 706662
754 707416
242 707658
431 708089
518 708607
297 708904
473 709377
369 709746
413 710159
603 710762
147 710909
479 711388
347 711735
497 712232
730 712962
412 713374
325 713699
271 713970
577 714547
584 715131
397 715528
553 716081
492 716573
190 716763
532 717295
765 718060
391 718451
264 718715
279 718994
485 719479
381 719860
234 720094
177 720271
507 720778
432 721210
571 721781
698 722479
492 722971
431 723402
380 723782
664 724446
631 725077
372 725449
89 725538
574 726112
143 726255
732 726987
115 727102
60 727162
435 727597
985 728582
281 728863
312 729175
77 729252
119 729371
310 729681
98 729779
135 729914
235 730149
167 730316
246 730562
291 730853
379 731232
108 731340
272 731612
368 731980
483 732463
653 733116
705 733821
370 734191
236 734427
479 734906
674 735580
314 735894
385 736279
489 736768
638 737406
461 737867
439 738306
414 738720
102 738822
286 739108
328 739436
350 739786
445 740231
871 741102
395 741497
430 741927
591 742518
677 743195
278 743473
250 743723
306 744029
655 744684
339 745023
557 745580
555 746135
236 746371
315 746686
364 747050
170 747220
239 747459
140 747599
246 747845
471 748316
227 748543
321 748864
221 749085
317 749402
381 749783
168 749951
243 750194
279 750473
145 750618
539 751157
214 751371
60 751431
158 751589
175 751764
202 751966
380 752346
93 752439
224 752663
455 753118
349 753467
248 753715
362 754077
244 754321
138 754459
280 754739
69 754808
252 755060
262 755322
111 755433
184 755617
108 755725
382 756107
646 756753
427 757180
114 757294
207 757501
336 757837
304 758141
69 758210
436 758646
199 758845
259 759104
21 759125
567 759692
312 760004
630 760634
238 760872
103 760975
346 761321
48 761369
198 761567
382 761949
347 762296
169 762465
258 762723
121 762844
119 762963
245 763208
284 763492
189 763681
88 763769
235 764004
142 764146
177 764323
215 764538
279 764817
535 765352
186 765538
135 765673
328 766001
225 766226
295 766521
218 766739
270 767009
202 767211
166 767377
441 767818
195 768013
162 768175
225 768400
279 768679
213 768892
341 769233
640 769873
461 770334
159 770493
452 770945
154 771099
174 771273
427 771700